19
12
11
10
13
123
23
56
14
18
89
198
15
119
16
00
78
88
120
34
17
112
111
20
67
98
100
45
199
110
134
121
80
113
86
58
87
09
156
128
1234
08
21
190
129
126
59
50
01
83
1123
52
125
85
145
122
03
30
84
81
06
28
234
124
29
26
31
99
66
178
51
33
25
114
82
54
79
70
118
898
127
22
53
07
36
05
04
60
68
69
02
567
24
55
109
1198
39
115
1119
116
000
197
678
108
196
38
189
191
345
456
167
130
77
101
90
57
27
1989
1200
76
63
40
103
131
32
106
1120
61
35
789
188
71
889
65
133
193
523
1219
136
1230
878
1223
117
1988
75
41
200
1112
194
139
195
73
74
48
107
49
105
1111
37
104
192
1231
46
138
43
102
64
158
788
1345
888
1000
62
1233
219
44
72
899
823
230
1236
223
1256
97
1100
856
96
159
1456
132
019
150
91
023
1998
566
47
1239
1199
231
1110
135
152
1238
1134
1212
140
989
819
12345
800
1211
1121
233
42
166
560
568
1278
569
236
078
319
256
1113
519
137
009
1232
151
056
5678
93
239
323
008
890
141
1978
1900
160
520
168
1235
238
556
098
867
169
845
212
1156
1128
834
148
988
154
11234
500
149
180
2345
1220
153
211
186
146
001
143
1190
1298
1210
1245
94
1678
1209
1129
95
598
1126
778
034
92
578
3456
179
563
589
012
1208
170
278
1567
155
187
003
1980
300
011
1986
11123
144
006
1919
458
1237
232
1289
1267
561
1125
1923
089
340
812
1201
1145
545
1122
565
1987
1019
1213
235
1023
163
811
045
820
147
780
157
623
880
786
1203
220
1124
886
356
183
312
334
298
459
210
245
161
209
512
1206
1319
656
998
723
311
534
679
450
177
670
588
185
067
1178
020
208
511
165
787
700
619
887
452
007
184
142
181
005
1323
176
1983
719
004
341
600
756
010
1999
1078
1288
237
289
267
378
798
088
564
002
667
1114
1985
1118
201
348
1009
1956
1127
1523
562
349
897
1056
213
0000
1984
896
346
12123
1981
1008
343
419
698
810
1789
171
891
203
783
521
1207
1098
883
1109
423
13456
1205
398
1204
11198
1115
206
11119
1116
1197
164
013
677
367
451
785
12319
1300
1108
1196
1912
885
182
1221
1202
1001
310
162
344
978
900
1898
320
175
1189
8989
510
784
634
1191
1911
676
781
884
1034
12000
881
1012
1340
12323
689
288
478
173
1167
174
454
400
1130
813
1003
1967
1011
1101
453
1982
879
870
1006
19898
099
347
809
1258
11989
858
866
11200
2123
6789
1458
1356
1089
1312
1334
808
1788
671
528
1934
5234
4567
389
1103
1990
313
980
455
1945
1299
986
745
1131
1311
893
207
1214
513
612
599
1106
919
205
1218
204
1045
529
123456
1228
526
11120
12234
821
712
923
611
172
2319
342
782
0123
767
1566
221
202
7898
882
12300
675
801
1341
1259
1188
8898
8988
1920
987
645
711
859
1229
1133
1226
1378
860
1250
734
1459
1193
868
2000
1909
1910
850
1067
869
12198
1020
688
673
674
894
1215
2323
1348
12119
11219
021
1266
1216
1450
895
12340
1349
525
1908
457
1252
434
412
1136
803
1007
445
830
892
852
1346
11230
877
8123
509
1005
620
1004
1343
11223
1117
522
1010
1452
11988
806
258
411
8678
508
1225
6788
1088
1002
876
11112
1560
720
1568
1398
1194
030
388
12356
1139
12312
12334
1195
058
1569
1222
1889
1107
498
8456
299
1367
1901
10000
524
1105
11111
3123
983
214
1104
1192
1519
831
828
999
218
11231
12311
8234
1310
1344
5123
309
1138
1913
1320
23456
1260
228
672
1268
2234
090
558
1419
1102
066
985
1269
501
15678
12456
308
1224
1158
610
580
956
2300
1878
829
259
11345
1903
826
8789
586
4523
871
031
229
19889
12341
11000
984
1013
1251
226
1423
840
028
710
1520
250
981
014
0234
1906
851
833
863
1290
11233
1556
12378
018
2198
467
12678
590
215
059
1451
2119
799
266
216
1347
12120
503
2340
0019
8998
1280
321
12348
252
1500
0023
666
489
807
1286
12349
029
050
3458
587
836
1240
506
080
1279
026
11236
805
1270
301
804
19878
079
527
5623
12346
070
086
11256
11100
033
12343
825
875
861
420
559
1389
330
1254
1313
699
1598
052
912
854
410
225
814
060
1159
1253
11456
1132
5456
068
802
1478
550
0198
5656
822
818
1454
853
1578
1400
015
1563
069
530
0119
1589
7889
2356
016
1099
2312
1888
1287
2334
865
036
5679
613
1227
1150
911
222
12398
873
874
5670
11998
1453
8889
839
399
303
11239
11199
0456
8000
1997
087
709
1342
552
5619
12367
1217
713
2311
025
11110
1979
1996
1135
1970
306
12567
1152
260
366
12310
12344
838
1255
1778
268
8567
708
11238
824
1263
12019
0678
967
19123
609
12320
314
331
855
3459
1899
660
1561
841
022
269
1823
5600
12023
982
2456
668
11134
7878
1623
14567
12112
11212
1991
318
1140
224
540
039
514
9898
1455
8198
669
8878
8788
815
0078
8119
3450
518
1907
816
19888
583
608
531
8345
2341
5667
1545
1856
112345
1905
251
1904
1565
12111
11211
11121
1656
358
848
040
290
038
10123
328
1241
2378
934
849
3234
1679
1261
413
3452
0009
2678
1670
1166
990
658
024
2120
585
945
507
846
779
1921
280
1902
6678
0056
488
2348
333
770
1966
843
12347
1619
701
505
051
19989
19899
579
504
872
286
2349
1277
19823
5698
1283
570
240
0008
0345
077
11278
279
3198
1265
1248
329
270
315
8978
584
8900
3119
2346
316
326
1249
083
1388
533
19000
5198
1021
581
2343
254
515
1600
11113
360
5200
601
5119
19856
1512
516
336
502
368
1257
1246
864
0098
12389
1285
13123
12313
857
1243
1137
369
1276
253
551
1534
827
758
076
063
4566
1588
920
7888
832
621
703
1667
1780
5677
1457
11232
085
1309
1434
1412
862
0120
1151
1511
287
1819
1445
536
8888
227
5000
2398
12078
1786
054
790
3419
1284
1800
359
909
307
844
6123
12200
910
1281
706
053
1977
305
2367
0001
084
1308
304
1141
1411
217
630
541
603
1958
11978
659
12342
11900
5634
12100
350
6778
339
081
2567
3678
1160
1030
721
5676
12009
325
835
7123
1168
2310
908
2344
1058
255
11235
1723
1698
7899
3423
7823
061
263
2019
032
2320
1960
606
1169
766
12056
650
027
0034
8899
554
1968
2023
8823
097
041
302
2112
690
1244
5689
663
11156
539
322
1564
409
1976
1787
1969
0012
11128
352
12008
1148
1700
1993
548
1498
338
1154
3451
12789
553
111234
096
1149
0789
1271
0567
7856
19819
8120
549
1180
8980
071
065
055
1914
652
11220
0003
1090
1153
8856
1321
12199
1562
19800
2111
1186
8986
3000
1146
546
1719
408
1066
1918
0011
390
035
759
1143
847
1928
538
1677
13458
543
11190
048
12098
241
11298
091
1756
017
12110
11210
8919
19234
11245
11678
261
1301
4560
11209
3345
5219
11129
049
0006
4568
1297
631
680
777
11126
1264
582
12523
750
4123
19678
661
1031
1330
4569
597
901
324
5567
686
577
19988
046
1296
56789
1798
8923
2347
8523
5898
1930
1028
043
555
5230
5671
12134
277
1179
1014
283
0112
10234
596
1634
11208
5345
1170
1959
3478
0089
1521
11567
1890
1262
1929
3454
1676
265
5223
248
14523
4519
3400
1018
1247
1155
1926
913
12001
3120
1187
8987
249
1059
752
1275
19789
665
1291
776
12219
11980
3453
075
1971
10019
1950
1994
12121
5120
5612
628
257
0111
1689
12388
1399
246
576
1867
591
1303
10023
11986
1995
363
6234
1467
760
2389
285
0989
111123
2313
243
19198
1845
1029
1050
1282
276
768
401
45678
12034
6780
1915
1144
499
1080
544
12230
1026
11919
19119
817
837
1916
903
12898
7819
1834
633
687
0045
123123
1992
1079
769
11237
6786
12012
1070
1086
707
12223
1306
11289
082
1489
11267
9889
5611
1952
8200
8819
1273
842
1274
1033
7800
380
2078
379
11125
1366
073
074
705
284
370
0898
1783
12309
704
11923
8800
057
1510
421
386
906
629
1052
1314
728
1331
12003
2200
5675
13459
281
34567
044
332
4520
7234
626
1931
1060
8112
5231
19890
5645
1318
12011
11201
3455
1068
1420
11145
351
4556
10198
2342
607
11122
636
19456
2100
12989
361
6723
1015
11987
730
1069
1925
11019
10119
16789
2009
13450
12308
1016
12006
1410
12113
11213
7456
605
1036
1671
403
702
604
1975
5989
11023
1163
037
1785
7678
651
1242
532
614
8111
19867
7789
2056
4500
5688
6787
10456
5673
5674
729
1087
771
064
6700
19845
1358
1963
557
618
244
317
9878
5789
0067
1922
327
726
1328
12788
0020
0200
406
335
2008
571
13234
12089
365
1025
430
19834
2789
0788
1147
13452
547
12231
387
1612
7000
1157
1784
517
714
271
602
062
1781
6719
1973
1974
11203
718
2199
1333
5620
0007
11124
10678
6756
1183
8983
1933
3112
4598
639
1022
535
5233
466
0005
12321
354
2098
6456
0004
625
8999
2110
13198
1611
1161
047
1039
1329
1315
6000
5112
11206
0010
0100
093
11319
13119
297
123458
1316
1940
4578
1326
12045
751
10078
4563
353
1528
6798
4589
264
1961
2523
654
12301
1675
740
56788
15234
731
1924
3111
8778
1360
296
997
683
1272
1177
1336
1368
1645
622
1185
638
8985
664
7890
2134
072
0088
11178
1936
0002
775
653
12330
12156
1040
5236
5111
6198
1369
1165
1812
979
996
262
12128
1038
8890
8956
8219
1513
615
970
121234
575
12233
6119
247
725
3457
5256
616
1599
3434
3412
2001
19788
10009
3445
275
1965
662
4456
1024
431
414
1951
291
2219
1529
7867
1184
0523
8984
1688
9123
1673
1674
2121
0199
8019
10056
7198
1293
13419
685
8230
418
1526
2388
7845
00000
0988
1142
1359
542
1811
1181
8981
8867
6345
715
3567
1051
11323
1176
1307
991
8023
1413
11983
7119
722
19998
716
12190
282
4561
8223
593
8845
773
774
2034
7834
3411
355
12399
10008
10345
0110
763
1077
12303
11999
2230
1305
640
12129
19120
1304
5672
428
2898
23123
12236
11078
11288
12067
907
573
574
754
8834
1488
9888
624
1820
479
4234
6567
8100
12126
2012
12020
2223
1350
377
1339
1620
6783
470
13678
1083
733
684
273
274
1325
12256
655
905
1939
1880
904
042
5239
2309
753
094
681
1745
12306
13423
4545
5610
0219
5523
11114
0134
11985
2003
1886
337
383
4565
095
12366
1972
12007
10098
797
1302
460
19812
11118
2011
11009
11956
3498
12314
12331
12566
12988
1322
468
123459
12005
1076
11127
11523
1063
1352
12004
16788
429
1338
2989
13451
796
1954
092
433
6785
8566
12318
0230
1085
724
921
2308
5988
2006
12010
10120
469
902
426
1938
11056
2113
376
736
440
1712
966
5238
11984
761
364
0121
537
407
7788
0013
9989
9899
0223
1054
242
1782
8199
9823
1953
4198
8912
123450
14566
121123
112123
11981
19811
385
1767
1525
13000
11008
415
12239
5212
405
5788
4119
8231
17898
404
416
1390
5889
1927
7567
12088
1294
1053
791
12002
2788
8110
11789
6784
10001
1084
3100
362
2089
1509
755
9000
12358
1711
1171
1295
13345
2231
19820
697
490
6781
436
594
8780
1081
5666
3200
1941
12328
1887
19345
12125
9856
8911
765
632
1522
123234
52345
5100
595
384
8458
19880
741
123452
5211
8786
696
1324
1734
11207
1061
1292
11098
1032
4512
12238
381
402
4678
19886
1672
8134
1027
1917
10034
11109
120000
113456
11205
2321
1097
1508
592
12333
1041
11204
34523
13478
12145
111198
19567
12212
12122
739
13454
357
4534
19019
10012
13400
11115
772
397
111119
1955
4588
23458
11116
13120
1096
11197
2045
1164
5699
19023
123198
0113
691
10789
12889
10567
1948
1610
8078
12329
8319
572
2301
4511
3199
12315
13453
425
123119
112319
0231
396
1071
5878
1065
4000
8723
657
11300
12316
8121
11108
12326
1055
748
8967
1949
11196
10003
3467
627
272
635
11912
19112
3789
1409
1964
122345
8233
480
12458
7812
1363
1182
8982
977
12211
11221
749
11202
371
7989
0889
5278
2330
5199
2156
12360
11001
10011
3110
1162
1035
439
958
1524
738
2128
12336
486
12368
8812
1048
1946
11898
89898
1091
1017
5613
21234
641
2233
8787
12560
6120
422
1175
8700
1943
11189
5019
746
3489
1049
10006
12568
12369
1962
5110
0099
8009
1897
391
19887
15123
8560
743
11911
11191
19111
5023
1408
1380
8568
7811
1379
960
12569
12124
293
11034
1370
968
112000
3134
1046
1896
8056
682
12013
8236
1386
8811
8569
727
14560
1043
438
7120
2190
1558
8719
134567
14568
0319
976
1332
969
6898
123419
1720
10112
11012
11340
7345
993
2399
8323
12878
8934
3420
2303
7820
1666
1501
10089
12359
8256
5134
8008
8756
477
1932
12519
13455
1810
112323
2129
12307
14123
12278
8623
2236
5232
2067
1351
648
4564
14569
9819
6989
2126
2020
1173
11167
1174
8990
8820
1580
8519
7880
1361
3410
757
5609
12305
8459
6745
8945
11130
649
5660
12304
914
0233
8113
2256
19978
3121
11003
1891
0878
19900
9800
441
5668
1075
1586
8880
487
7886
12350
2306
11967
12339
123678
918
10111
11011
11101
14519
8798
424
12178
12325
4562
928
5669
2366
646
11982
8886
5121
2007
4345
375
0156
1883
10989
9234
0998
8098
8450
125678
0128
123423
643
3219
1317
8656
1699
1327
11006
2314
119898
2331
2566
01234
2988
5608
23459
2005
1335
3989
2004
476
85678
11258
6712
463
1365
10045
111989
12302
1944
1935
9678
8679
2318
1387
19897
6782
2010
1957
5235
1082
8239
12322
12232
8670
1590
0323
9988
111200
0236
12352
744
6767
3019
930
12338
448
123451
1401
145678
12459
1503
3230
1073
67898
1074
10898
1499
23450
19896
3023
21123
0256
1057
449
959
1613
5888
8452
11458
2239
764
11356
382
1885
0190
11089
5458
3223
11312
13112
11334
929
12520
8619
00123
11788
4120
617
373
374
3523
1044
6711
5658
2088
19078
294
11934
1354
2002
926
0129
3898
8920
4521
19810
8520
123000
1587
12556
0566
7887
12450
8001
1506
446
2358
56678
9789
295
0126
793
12390
11103
18989
11990
3113
19200
8238
12998
2328
1421
971
8556
637
443
950
2125
6734
994
762
8887
6523
11945
1527
15623
1353
23234
19891
12099
5220
14520
11299
23452
123345
1710
717
995
1884
11131
13111
11311
5998
1037
11214
12114
12235
8783
292
0458
8909
5113
8212
732
9198
1559
2238
461
8600
14556
6112
8910
12500
1881
915
20000
11106
19009
19883
9119
8156
5298
8034
11218
12118
5210
1064
12324
5245
916
2333
19100
2145
8128
8500
992
11045
12452
12127
1609
5209
10067
644
2212
2122
5078
1660
83456
0239
1403
81234
10200
10020
1799
15456
5899
5601
1123456
1668
8012
13457
952
11228
19056
5823
10788
12888
13434
13412
111120
1550
15656
0021
82345
123478
13445
23198
112234
5566
2889
123454
14500
8908
8211
7112
2329
8667
4789
1813
12778
123400
1530
2315
1947
1669
1062
6111
1172
23119
432
3788
2316
123120
2326
693
471
0778
8785
19008
465
15679
3413
747
01123
7988
0888
22345
8003
1406
10007
12220
2458
15670
931
11566
19980
1608
1430
3231
12623
5208
13567
8300
2211
4510
123453
12598
19885
9890
5621
8190
2360
735
112300
1879
5009
8011
10005
2336
6200
2368
5856
11341
13411
11259
1355
0238
1870
19986
8598
10004
9456
483
11188
11920
3488
8129
7897
12363
1047
3319
7523
1809
12298
1552
427
2560
925
12210
7111
12245
15619
8419
10100
10010
2568
8126
1093
2369
12578
198989
12209
8006
5056
11229
975
0125
8897
19919
19199
0212
1377
8784
12563
12589
56123
1858
444
14598
7896
1866
11133
19098
11226
8578
11378
1466
393
2569
9867
03456
2124
11250
19884
8781
8563
417
8589
11459
794
11193
12899
1658
11909
5459
12656
6720
12823
8278
8896
5008
5630
9845
8698
12109
2013
3156
5603
963
435
11910
19110
5659
12380
795
19881
1337
1383
922
12379
11067
3128
1072
10088
7810
16678
5319
1808
56778
14578
10002
121198
112198
23419
11020
12370
0145
31234
19923
1937
2878
14563
9834
02345
12679
2359
14589
0122
485
15600
12208
12115
11215
6988
120123
2519
11348
5237
12386
2307
0899
8089
2278
121119
111219
112119
13498
0211
7200
12670
5156
8810
17889
11266
0823
12116
11216
372
8340
12197
19523
1234567
5289
8423
0560
11450
12332
5267
5128
1540
7891
5450
647
112340
0300
0030
792
1514
11349
0568
2305
5606
51234
3078
5650
123455
973
974
2304
12419
0058
11908
11252
12856
1376
4112
19813
12351
0459
8891
12108
8901
11136
11007
12196
19134
1518
10523
12619
5098
5690
1364
475
19987
0569
2350
34566
1583
12361
5663
19778
933
2339
10199
7883
1709
1893
23678
3323
3233
1531
11346
111230
2178
2325
19001
3190
100000
10988
81123
15667
11005
484
1385
8451
11004
11343
1601
8883
12561
5201
0856
1713
19219
25678
19879
23423
3129
1942
111223
11117
14456
694
1431
3988
1414
8232
481
19870
10110
11010
0450
11452
7019
111988
5190
5452
940
3126
8561
12189
0519
13100
8913
19809
1362
8677
742
695
4111
5652
3009
1418
961
2302
8045
7023
5213
12317
12191
19121
12237
5129
924
12327
13200
8125
0278
1708
2322
2232
12600
12423
5323
1821
19858
5560
19034
12289
2352
12335
12021
12267
19866
5126
4528
0978
14561
12365
2338
19230
0090
0900
0124
23451
1621
1384
5568
2459
1585
1042
3056
7885
11225
45234
0340
692
447
12387
1507
473
474
936
1094
12545
11088
3236
11002
17878
1428
19012
0066
10219
5819
1381
19223
12565
10134
5001
111112
11560
5569
1095
1479
14234
8885
2520
1882
8545
1505
19808
5631
0452
394
11568
6019
1470
1579
5680
1504
11398
3256
05678
1801
3008
8145
12451
8565
134523
11194
8356
15698
9788
6100
78989
8312
8903
5800
8334
8122
1570
23000
16123
2556
8634
18898
18988
395
112356
12667
5661
1357
2450
12201
12167
6023
11139
123112
112312
112334
965
4513
12780
11195
2390
11569
951
8235
5686
1397
8676
0623
1859
19003
12130
6710
14545
11222
1092
11889
2998
89889
88989
4599
11107
12354
1584
0780
5519
7884
10230
1630
14565
1603
5203
2099
12786
0031
1659
11367
11901
19011
23345
13199
110000
12213
5034
1860
1533
8478
15198
392
1581
11105
737
111111
1396
16778
12101
10121
7881
497
31123
3409
4529
1460
0786
8884
10013
2114
2235
6219
10223
11104
8454
11192
1868
19893
8906
8745
0178
9998
13467
0232
1515
8400
0028
1468
7100
642
15200
13789
12353
11519
15119
4526
2500
0014
1516
8311
00234
1429
1502
1850
8881
3098
5012
8689
1433
19006
6799
2118
1371
112311
123111
111231
12978
2324
0520
9120
1869
12900
13110
11310
496
11344
51123
7778
464
1469
1426
2452
2127
1606
5665
1894
1440
0018
5206
1650
11138
8453
8067
0656
121989
1551
11913
19113
0556
1407
11320
6889
5978
8020
11260
5900
55678
6230
2888
12819
1895
3125
5778
0059
7813
1690
5628
14198
4788
13489
23478
1663
939
8220
1779
11268
121200
3239
3408
5003
1391
56234
23454
12698
1415
1770
1405
12030
6199
437
2778
23400
0679
00019
19821
15677
12723
11419
14119
0356
1701
6223
8712
8813
5419
1404
11102
12800
1416
0312
123457
0334
1803
0670
462
123434
123412
23120
1536
8124
12058
11269
0723
5011
115678
5125
123445
1830
56780
19089
15000
00023
972
8782
112456
34560
0819
1892
1852
12203
13134
12512
7879
2220
491
8298
19231
1877
7219
8210
18123
8245
8007
12478
33456
2623
34568
5633
5687
23453
2598
8767
0029
11224
7870
9812
0500
0050
11158
6110
3145
12454
19882
8209
1490
11878
56786
1436
87898
89878
1652
3122
7809
8512
0235
12400
8879
5006
0080
0800
0026
34123
19801
0619
12787
8005
13420
111345
8870
11903
34569
954
12700
2363
3001
19983
12534
7199
8004
442
123567
0079
2298
198898
198988
6623
12103
1806
2210
5520
2245
0787
8809
938
7858
8341
0700
0070
0086
5145
12588
8711
3238
7866
2578
0311
19859
2209
12453
1541
5122
12206
8010
119889
112341
123411
12355
8534
0419
14512
111000
18678
19999
0033
13410
19780
7230
2563
1402
5629
2589
14678
5556
15634
11013
10113
84567
12511
11251
8858
8588
4200
11423
3300
12131
13121
953
5423
8866
7110
86789
5626
3566
11520
53456
15676
19860
9811
10231
0114
34519
3212
1631
6134
2899
7223
19786
8455
8208
1680
2656
11906
2823
12377
8671
8511
19868
7808
8734
0052
12090
14534
2109
8178
8378
5089
11290
12106
12719
4100
927
111233
11556
6878
2380
5607
1661
3034
0980
112378
19045
2379
5636
12677
1876
0060
0600
0118
19850
67889
0598
14588
1758
1375
4525
10889
21198
0719
56723
472
1686
7998
8088
8808
7078
2370
12066
12756
19869
17888
0068
8002
0127
112678
2679
1554
0220
6566
6656
13219
2208
2115
1703
5288
20123
19985
19894
2386
5500
5605
00198
9820
11451
14511
482
21119
0986
0756
2670
5451
1425
5604
3012
12337
2116
12383
11347
121120
112120
2197
941
15689
234567
14000
13989
9345
0015
2332
1539
5651
0069
32345
5300
19895
00119
7134
4509
8348
0016
5614
3889
11280
0578
4898
0423
1480
10099
19956
6679
3211
1548
9880
6709
23455
1790
112348
0036
2419
6121
1553
5890
0563
0919
123498
0298
2856
6231
3124
7893
0589
6670
3401
11500
0210
345678
56787
2351
0245
18456
2108
8612
8349
2196
56700
3499
4989
2619
1439
19803
13019
0667
5618
4522
1549
0209
8997
11286
12798
2361
112349
1486
19156
19233
9886
19723
13230
3003
917
12031
19830
1706
124567
6713
0341
6319
8893
19892
19852
19128
1665
11240
0798
13023
19877
12376
00456
11279
80000
198123
0087
12634
6078
1422
7009
19984
5124
111236
1831
191234
3340
1828
1382
12455
9567
2561
11270
13223
12028
12364
3011
6619
8237
8346
119878
5045
8979
0451
12676
8996
10319
1373
1374
13523
1628
12014
12188
18234
9019
1546
5602
120234
112346
8970
4508
0923
8289
19981
7121
955
16234
8267
8343
111256
5598
13898
0025
2189
12385
5867
111100
6708
1538
4199
1543
1721
19806
12564
9023
7056
112343
19787
0378
56719
3421
12018
12980
7821
948
19700
17123
3006
8611
11389
2317
6998
5845
12288
11254
2191
2237
11313
13113
16780
0208
198678
2327
17899
12133
15219
8564
34520
56756
2600
2423
17823
12059
2289
2335
123100
949
1438
89123
67878
12362
10233
2021
2267
5639
8821
1633
1687
11598
12986
10878
9112
2365
5980
12193
1766
964
12689
5578
7008
7231
4110
3178
5834
16786
19190
52123
5340
56456
120019
2387
00678
1582
3278
34556
8114
5625
19236
0987
5563
2545
7882
8675
19067
6009
11159
5589
1477
123200
0109
7780
11253
111456
8991
12562
8201
0348
6600
11132
19020
1597
7566
5986
7801
0022
15567
2565
14564
1577
56000
19129
12919
120023
11478
156789
19876
0698
946
12890
12384
01198
5478
15898
10156
8645
3623
8118
78988
78898
8882
3878
19719
11454
19256
0561
1829
11578
5178
5454
10998
8562
0349
5780
7786
11400
12029
1555
15230
19126
15671
121219
8720
10128
12050
3403
0115
2451
3089
5400
8127
8801
56798
0039
943
6056
11563
7859
1629
01119
11589
5654
4524
12381
1441
5919
1596
962
0116
2667
1826
19756
101234
18789
8907
15345
2201
2167
0197
8213
12080
11099
23112
11888
11287
12026
89888
88988
88898
1487
17856
2780
9887
8398
1626
3998
6323
6113
5786
11227
15223
11150
9111
2130
1871
112398
12079
8859
00078
5683
34500
2354
6233
0890
1424
111998
4134
19007
1234523
5622
11453
4019
7860
14562
5453
0346
5638
8905
12070
12136
12086
5664
7098
6008
12923
2786
0108
14345
7868
12357
8904
6667
111239
10323
0196
198456
1607
45123
10236
5653
111199
5207
1636
12033
12783
2213
4023
1840
0343
12397
12867
2101
13788
56198
11997
8860
16723
121230
19005
3560
0237
3406
11342
7850
19004
0783
8013
3430
0478
1759
8688
8868
1851
3356
0545
1833
8367
3568
5615
13413
5923
7869
2353
8673
8674
0289
3312
12845
19798
3334
1605
5067
1863
0267
56119
3656
8457
10256
1476
5205
0454
15120
19566
15612
8434
8412
1463
112367
1604
5616
13231
7894
123199
0400
0040
0565
5204
5020
121223
122123
19831
12052
12117
11217
19010
10190
19828
8850
8445
1576
1591
7113
23111
2978
932
12396
2900
1651
111110
11979
0038
100123
11996
3232
19912
7723
8869
11135
4558
5662
121988
198234
1614
3569
123467
7895
12060
0867
12834
6888
11970
123789
12987
6779
19458
0189
8894
12521
112567
6560
10129
3679
4219
4121
11152
21989
4501
13488
12068
1777
16787
8310
13319
6770
8344
1448
00009
5561
10566
0453
0845
6568
12371
3045
16700
3670
126789
2819
6701
1544
5723
120198
1618
112310
123110
10126
112344
5685
9978
0191
8895
7458
1750
0677
6098
11255
8203
9900
8921
0024
19239
11778
8521
8902
19319
7803
21200
34598
5987
18998
6236
12671
111238
56345
12015
1449
4580
8320
8966
2698
52319
12069
11263
3466
2030
7830
5007
120119
112019
0201
7233
2723
119123
191123
7892
5356
6569
0834
12016
19088
7852
112320
3114
3311
12785
2800
5312
14120
23457
5334
8620
19002
3519
11899
00056
7877
7787
89989
89899
23434
23412
12036
78123
15611
11561
8411
2058
1393
8803
11823
7700
89823
123489
1807
23445
6256
112023
0785
0398
4586
7001
3619
8830
5640
1602
2203
111134
2512
5005
5221
12391
11623
0051
10458
5202
14521
114567
4230
121112
111212
112112
8892
11991
19911
8852
8109
54567
6698
3118
5004
1836
12207
2478
13156
11140
8877
1446
34578
5787
88123
0213
5624
5700
2454
1805
5114
3127
56567
16719
34563
13128
8206
12194
11455
2400
34589
81198
00008
00345
493
1804
7806
120456
5545
5455
0077
5010
19829
1443
12087
56783
15675
4223
12457
6519
2787
131234
123134
12205
5684
12434
12412
12139
8115
2700
19623
5655
5565
16756
2534
12204
12445
23567
81119
12195
0167
19125
944
78678
19826
2103
935
5118
11907
89000
198789
1752
10239
9897
8116
119888
1639
3235
0367
8197
12612
8806
15231
957
15645
19238
1372
12107
2588
1825
0130
1776
0634
12784
5127
5681
5311
1875
2453
12025
7719
1861
2206
19871
0083
23411
16456
2355
1461
11545
1625
190000
10021
11856
89856
123420
1112345
88678
86788
0676
35678
7034
11905
0784
13078
6899
2511
11904
7756
11565
12105
121111
111121
112111
111211
2131
7236
6823
12781
8108
16000
9896
3600
52000
6001
8196
12104
5719
0101
4590
12192
19212
1854
19840
04567
11656
5088
8710
1760
6758
5002
0310
0344
0781
7876
134566
10778
122319
2377
123410
8498
1814
4503
19783
2090
6156
67888
13323
13233
7012
15989
16798
1768
19851
5756
19145
19833
2106
101123
110123
10888
0512
2719
7256
13190
0455
1654
19863
6703
12411
11241
00098
19122
1802
12510
123121
121231
120678
6128
9078
2677
1532
7560
6458
0320
19323
65678
34456
8876
3431
3414
3341
11679
1822
9810
61234
1818
19967
2066
12221
12611
11261
2756
56785
7568
19656
4113
52323
12138
3778
17819
12202
12022
1853
1683
0203
0689
13129
1769
6239
11670
15688
1622
8510
11166
13988
3067
0076
15673
15674
10238
14789
0063
1638
